000000010000001001000011011011110110111001100111011100100110000101110100
011101010110110001100001011101000110100101101111011011100111001100100000
011011110110111000100000011000100110010101101001011011100110011100100000
011000010110001001101100011001010010000001110100011011110010000001110010
011001010110000101100100001000000111010001101000011010010111001100101110
001000000101100101101111011101010010000001100001011100100110010100100000
011010000110000101101100011001100010110101110111011000010111100100100000
011101000110111100100000011001100110100101101110011001000110100101101110
011001110010000001110100011010000110100101110011001000000110001101100001
011000110110100001100101001011100010000001011001011011110111010100100000
011101110110100101101100011011000010000001100110011010010110111001100100
001000000111010001101000011000010111010000100000011101000110100001100101
001000000110001101100001011000110110100001100101001000000110100101110011
001000000110000100100000011100110111010001100001011011100110010001100001
011100100110010000100000011011010110100101100011011100100110111100100000
011010010110111000100000011000010010000001110000011000010111001001101011
011010010110111001100111001000000110110001101111011101000010000001101100
011010010110011101101000011101000010000001110000011011110110110001100101
001011100010000001011001011011110111010100100000011011010110000101111001
001000000110011001101001011011100110010000100000011101000110100001100101
001000000110001101101111011011110111001001100100011010010110111001100001
011101000110010101110011001000000110110001101001011100110111010001100101
011001000010000001100010011001010110110001101111011101110010000000100000
001000000111011101101001011011000110110000100000011011100110111101110100
001000000111010001100001011010110110010100100000011110010110111101110101
001000000111010001101111001000000110000100100000011011000110100101100111
011010000111010000100000011100000110111101101100011001010010111000100000
010010010110011000100000011101000110100001100001011101000010000001101001
011100110010000001110100011010000110010100100000011000110110000101110011
011001010010110000100000011101000110100001100101011011100010000001101100
011011110110111101101011001000000110000101110010011011110111010101101110
011001000010000001100110011011110111001000100000011011110110111001100101
001000000111011101101001011101000110100001101001011011100010000000110011
001100000010000001100110011001010110010101110100001011100010000001001001
011001100010000001111001011011110111010100100000011000010111001001100101
001000000111001101110100011010010110110001101100001000000111010101101110
011000010110001001101100011001010010000001110100011011110010000001100110
011010010110111001100100001000000110111101101110011001010010110000100000
001000000111001001100101011000110110100001100101011000110110101100100000
011110010110111101110101011100100010000001100011011011110110111101110010
011001000110100101101110011000010111010001100101011100110010111000100000
010001110110111101101111011001000010000001101100011101010110001101101011
001000000111010001101111001000000111100101101111011101010010000001100001
011011100110010000100000011010000110000101110000011100000111100100100000
011010000111010101101110011101000110100101101110011001110010111000100000
000011010000101000001101000010100000110100001010000011010010000000001101
001000000000110100100000010101000110100001101001011100110010000001100011
011000010110001101101000011001010010000001100011011000010110111000100000
011000100110010100100000011001100110111101110101011011100110010000100000
011000010111010000100000011001100110111101110010011101000111100100101101
011100110110010101110110011001010110111000100000011001000110010101100111
011100100110010101100101011100110010000001100110011010010110011001110100
011110010010110101110100011101110110111100100000011011010110100101101110
011101010110010101110100011100110010000001100110011010010110011001110100
011110010010110101100110011011110111010101110010001000000111001101100101
011000110110111101101110011001000111001100100000011011100110111101110010
011101000110100000100000011000010110111001100100001000000110111101101110
011001010010000001101000011101010110111001100100011100100110010101100100
001000000111010001110111011001010110111001110100011110010010110101110100
011101110110111100100000011001000110010101100111011100100110010101100101
011100110010000001100110011011110111010101110010011101000110010101100101
011011100010000001101101011010010110111001110101011001010111010001110011
001000000111010001110111011001010110111001110100011110010010110101100110
011010010111011001100101001000000111001101100101011000110110111101101110
011001000111001100100000011101110110010101110011011101000010111000100000
000011010010000000001101001000000000110100100000001000000100001101101111
011011100110011101110010011000010111010001110101011011000110000101110100
0110100101101111011011100111001100100000011101000110111100100000 01000111
011100100110100101100101011101100110111101110101011100110100000101101110
011001110110010101101100 001000000110111101101110001000000111010001101000
011001010010000001000110010101000100011000100001000001000000001100000100
